126
64
-289 139 -200 -251 284 -304 359 -231 123 -56 407 -246 140 -75 -322 274 -20 -351 -92 8 -313 182 -25 194 -99 151 472 41 -268 -317 409 -461 394 -287 -185 -349 -310 -353 398 374 137 -286 -360 3 184 98 -389 214 -442 -165 399 -390 -397 -287 1 -294 -160 454 174 -320 -314 84 246 -327 
9
-444 158 219 -205 220 285 302 -373 107 
48
-441 -117 -280 -108 49 321 81 407 -494 219 -207 -79 336 -292 17 -425 401 333 284 -201 -153 -57 -435 325 -175 396 -328 -311 142 19 160 -143 64 291 -186 20 -11 -391 -252 -440 466 -445 65 -278 307 276 240 -486 
5
-419 -473 -275 483 290 
62
-453 223 -54 34 179 -242 431 -425 252 10 381 -358 337 199 54 130 432 -41 499 266 493 -406 -399 395 -229 463 -59 151 -216 17 -470 -478 -470 16 -181 -309 -164 -32 330 -277 -348 2 -481 29 491 122 -163 186 -411 252 382 374 369 -348 -496 212 127 -247 -368 -2 -428 -369 
7
391 182 -76 -485 -464 -93 -136 
79
-302 282 498 -11 -108 -236 -319 -363 -195 20 252 399 458 382 155 -178 357 -224 -185 475 4 0 -8 443 -212 356 43 455 288 -112 496 137 -267 -166 -139 -327 184 -250 18 151 -191 -29 -489 -335 151 82 -420 -315 159 177 42 471 401 77 -19 -490 475 -362 -149 446 229 174 449 35 -481 -259 46 -99 -374 352 287 103 -314 -158 -361 422 122 -351 -166 
7
143 -63 206 -252 193 -79 25 
69
-68 298 146 160 -325 -267 1 139 -114 -156 -149 -136 -438 102 -347 -500 -352 -441 -318 94 336 -158 94 80 236 -69 -69 93 -259 -308 500 -429 308 334 -99 -16 243 -155 -30 -29 124 253 -483 -60 -424 -153 -29 115 45 201 -258 -296 -414 -10 288 -17 -175 -293 221 -322 -91 -345 -205 365 -317 487 408 -100 -361 
35
129 -127 -283 490 -189 -104 -393 272 167 0 157 -423 -433 -277 -298 -208 -440 113 -34 290 458 336 -79 178 49 -251 -196 377 -132 74 344 -109 -477 -322 -447 
78
-63 360 368 -100 323 -30 462 238 285 13 341 -272 334 -24 -358 170 -126 -185 -232 205 351 50 349 -315 -195 -466 -340 -423 156 39 452 -319 421 145 131 93 65 128 367 143 -129 33 -73 176 -18 310 -230 50 -182 -273 -258 -12 331 -384 454 -288 386 230 -336 -353 39 -430 160 38 -305 455 -268 -476 -499 -402 -56 -481 419 -44 -22 293 -109 402 
31
307 -249 -397 -304 414 -425 349 394 23 155 27 -211 44 463 -296 -377 -242 -483 -116 45 499 488 264 201 -258 398 -185 -217 -130 196 -436 
11
-418 -484 367 -423 -323 -56 378 -95 390 246 391 
57
348 140 367 190 191 -449 -53 33 368 96 296 337 452 131 301 -13 9 -488 132 -67 200 336 -406 308 286 -219 -350 388 -209 436 236 -25 446 325 37 -70 -106 47 285 428 -150 -325 -378 -46 -35 -416 21 210 -351 205 -67 -408 -315 -249 254 -303 -360 
28
-129 441 -116 348 338 131 329 -244 -48 -212 -370 -102 -72 -208 -291 -206 -274 382 72 45 448 -40 306 119 349 456 303 479 
24
59 191 -147 240 63 -410 -9 391 -200 -435 388 372 434 -366 -152 92 457 80 -233 -418 -182 33 -27 -29 
18
-138 377 46 290 258 -444 489 -466 -39 248 36 184 -490 486 482 -91 -440 -285 
65
203 348 494 -147 -155 -332 -344 453 190 317 149 -364 388 -491 -210 -77 -1 228 -71 -253 36 341 104 241 459 449 -199 86 -53 -177 191 140 -168 419 -400 476 -321 286 6 358 -179 66 265 -385 -222 -454 184 429 -51 -167 -136 70 -169 297 238 445 415 -51 290 -399 -297 -92 10 124 50 
54
-6 -186 -285 -212 -364 -127 -499 -42 330 1 -140 313 -81 301 -95 163 273 -94 -42 371 -318 -326 306 -241 -319 -451 -1 3 116 146 189 56 142 445 273 -335 -207 63 155 -451 265 11 369 50 -478 -231 -170 45 445 -373 -246 -59 217 303 
53
308 -444 375 -250 341 -64 -421 -425 482 -371 269 -500 -284 -208 -451 164 -334 -426 47 -131 -224 323 354 -120 -281 -478 -271 -352 -245 371 195 174 -245 -390 -358 -95 258 174 -178 -64 -14 418 -360 50 316 373 178 -154 73 411 374 -306 -118 
43
331 352 428 496 -106 -161 344 417 -290 -217 3 -83 -422 -289 -69 221 -439 -73 -221 321 305 197 -61 80 146 184 9 -229 -90 6 330 184 -472 -471 351 0 399 -175 -398 -152 28 -471 362 
45
62 -20 374 274 239 136 17 2 -133 454 169 -117 81 88 389 -228 495 266 186 318 270 304 145 -214 -29 196 -468 170 345 59 -122 432 -374 -178 176 -44 -415 350 -413 299 117 430 -368 -444 -41 
23
128 -357 357 497 -438 -208 166 -442 405 455 464 -425 -85 -367 357 -57 -191 98 198 -90 -233 429 92 
6
325 369 236 -234 323 -436 
72
173 -181 259 -412 21 205 -122 -150 -423 200 249 121 -113 430 -293 43 -105 -120 -270 -174 481 414 338 270 460 266 484 59 196 -455 -88 -81 -430 59 78 -5 461 -97 332 243 -162 334 0 107 -382 -200 140 -328 -385 -241 -285 -252 -460 224 -454 185 52 453 -439 285 -306 -25 -443 8 -237 118 204 -23 1 -184 -83 -241 
50
23 -82 -290 -447 -145 -372 8 -322 322 345 326 188 -122 194 131 -230 -399 370 324 -407 329 470 57 -210 5 328 -143 -140 413 355 102 -190 220 -143 -124 42 262 415 365 382 444 499 -426 -445 -104 -361 -47 262 372 55 
6
-479 -43 368 -373 416 139 
49
347 351 265 170 260 136 -385 -273 472 465 -268 163 -186 426 415 436 168 76 -361 251 257 -104 424 350 267 145 259 185 -434 -194 472 -252 -186 -184 -216 47 -284 -391 311 -123 221 299 -123 -393 453 442 -478 -206 -97 
46
-430 -384 198 447 360 159 417 -310 -2 -131 -45 58 102 -206 283 -362 -42 -260 -492 101 144 -25 -230 -476 353 -91 -335 -478 -265 -467 -236 -90 198 71 428 351 -11 447 79 -50 -15 -150 216 464 396 -139 
33
25 345 -306 431 412 161 -194 423 479 -349 -234 -408 -104 492 50 330 -361 399 226 -116 -228 -143 -183 150 13 399 -432 -262 -17 128 -53 -59 11 
47
-371 34 275 -124 64 -396 3 -362 -167 134 -13 -33 -202 -106 88 -111 380 263 -253 -78 -478 117 3 -8 -315 198 -230 -187 -245 -74 -128 -479 484 -311 88 14 498 -336 33 220 40 273 417 -253 -389 347 239 
10
375 -453 303 -327 133 -342 402 -378 -395 -177 
47
173 44 438 -494 -107 207 260 447 -25 295 341 -198 145 -202 -311 471 -313 232 234 -154 -318 5 -253 -400 481 -134 -427 -69 -279 484 -191 306 398 216 -281 317 -360 -33 365 345 427 434 -239 -421 -472 -260 148 
6
52 -278 286 -246 -181 342 
40
-1 -18 51 -417 -331 -235 221 429 -246 356 -478 195 -201 -479 208 181 -495 -290 333 -24 196 -205 -494 -360 -275 107 260 -172 -420 179 409 -236 -211 23 -396 -199 -270 395 201 -286 
33
184 334 -114 219 131 328 168 52 -358 466 -106 309 477 -248 -25 155 -467 -68 374 -232 351 -494 -290 -339 123 -384 465 -477 27 -447 194 -180 164 
49
-470 -69 -362 -264 488 -229 246 480 -389 349 146 -180 456 402 276 412 -177 -206 349 418 -436 297 -459 -238 -5 -239 187 159 -55 460 -156 -373 196 65 318 -145 176 -350 484 78 349 307 276 -141 407 408 -44 486 471 
37
441 409 -289 -15 -259 -433 -323 -18 238 111 337 -127 185 -51 134 310 17 58 -295 -395 -416 403 246 4 119 -29 -293 -483 -332 -415 263 -118 -473 493 31 4 -340 
66
244 -244 115 -217 -39 400 415 -282 253 185 -106 -267 364 -254 -72 386 -431 294 -439 4 200 -201 -287 464 -196 188 347 430 -308 34 -89 213 -240 487 -139 -235 -297 310 172 141 -147 241 -260 -252 -272 324 -108 135 243 -407 270 291 337 -276 -402 45 -176 81 214 463 151 -313 373 209 5 -393 
36
-339 264 -462 -433 332 92 332 -79 250 339 311 -203 -393 108 -381 -457 440 6 429 303 -158 -29 -141 16 -155 355 240 72 498 355 115 464 290 307 -46 450 
30
-154 -131 112 337 83 84 -300 -125 -398 123 257 277 179 -491 12 482 20 54 -256 51 -459 433 302 179 370 43 -196 219 313 -382 
68
-383 -416 98 93 -146 -188 -51 71 -141 -120 211 -141 -155 319 496 384 -296 -67 -441 -298 300 235 -333 -233 -4 -265 -485 -491 294 -8 -269 32 459 -38 -236 481 -338 194 144 -356 128 -311 -240 -99 -3 441 53 489 -370 -207 301 -176 -177 -17 282 440 340 58 -308 493 44 -127 218 -68 -436 497 444 469 
56
125 367 -167 -375 -300 -317 247 269 55 -429 -75 -238 -185 239 90 71 -438 12 -298 182 -193 30 -171 -454 242 -330 246 -436 -376 -195 355 -274 322 189 -479 355 238 248 -140 -53 -306 -157 -28 184 -343 -310 319 -497 -435 322 411 -388 -368 285 376 -439 
45
346 -413 -471 -299 -244 -257 -359 -10 -95 -200 492 16 492 -452 -406 442 122 115 362 -155 478 -302 -198 -392 338 156 364 -421 306 -379 -341 -97 -303 -424 -150 -319 298 -389 -367 -110 -257 232 61 -123 17 
74
-274 143 -204 43 141 290 251 197 -344 -198 -408 473 -244 -185 -288 366 360 147 111 -495 32 -299 -5 -22 296 12 65 57 471 -154 -12 -232 -131 -338 -284 -79 481 90 -40 -319 -495 74 77 -166 487 -42 421 -18 -333 -14 372 143 224 291 -84 -240 -352 161 -304 -221 445 340 339 -423 299 -375 400 383 -72 -267 -148 61 6 -422 
39
-282 -102 -41 442 478 -403 -180 -9 461 -308 -368 -248 129 -16 -98 -343 319 149 -98 362 13 -493 208 -443 3 -64 -431 4 352 90 -240 292 -456 390 -47 -448 376 180 74 
16
168 21 302 -301 415 346 -442 103 -408 -461 -6 -148 -452 265 81 -432 
48
-190 135 -477 -122 -356 -385 132 -329 -202 -6 99 95 129 459 96 386 235 264 -218 259 -478 4 -348 -66 11 469 -301 23 -443 467 -257 124 -30 352 -179 335 -432 -368 -320 198 17 -266 249 103 -297 178 467 -497 
24
403 58 348 256 -392 -146 -326 13 -165 -174 57 120 347 56 340 -50 -462 -131 -13 -495 324 56 427 -153 
35
-56 497 379 -276 169 321 -190 -270 414 -470 -434 27 -79 355 171 -272 -15 -96 168 460 -54 413 399 -71 466 -321 -417 491 307 133 207 311 -314 157 378 
70
107 374 -264 -353 33 437 -46 205 1 456 165 -34 431 393 -69 363 -487 218 -389 -380 182 -379 -321 427 -326 -497 334 -9 75 330 406 -84 -417 -330 409 6 135 -201 -67 -422 170 -70 -151 494 42 -339 121 -159 -471 367 466 -105 151 -197 414 -494 -400 259 375 -412 -57 -161 444 -74 -166 -103 -103 253 31 -74 
17
139 437 -62 -337 -352 -64 215 -69 -33 -42 -323 -44 161 67 116 -107 71 
58
264 -144 -234 487 346 428 -37 -448 474 386 -244 -197 230 -458 -366 -261 111 162 -316 324 135 -168 102 -305 -354 -14 480 192 228 -297 -254 -373 386 -111 -423 -67 -386 40 164 -428 294 -298 274 360 -306 143 -430 213 287 -458 -17 -21 342 247 364 40 33 -222 
20
-447 -294 -291 -22 -268 -302 -298 -475 72 -281 240 160 187 -72 260 485 -357 146 213 272 
28
246 -410 112 447 331 347 -105 -251 -253 -62 -459 275 -366 -273 175 83 218 430 447 -270 312 -61 -396 -383 420 -148 -337 427 
19
474 25 -44 -231 -266 -32 -168 -302 315 -140 249 230 -289 -107 -490 -272 -147 32 -229 
77
264 361 296 -62 -204 173 492 -456 -348 -202 -487 -22 -402 201 -379 51 253 -306 336 355 -184 -23 157 66 -333 -220 245 279 132 63 31 35 -431 -57 -14 -338 484 -170 -105 25 419 -260 273 205 67 -339 -280 287 -461 235 -73 -426 -1 192 498 111 284 277 -34 416 -112 -254 289 192 35 -6 50 -86 420 -438 314 -479 289 -271 373 317 -484 
50
247 -389 102 -18 -392 -54 22 2 -247 364 -113 -417 -479 -157 -72 377 -97 -459 254 235 39 -35 -289 -414 -303 435 310 192 308 334 -342 -258 -341 -366 94 251 5 159 -472 -336 -194 358 -78 293 -210 105 -460 -259 165 132 
31
-487 66 -340 -464 464 396 369 319 414 343 -412 153 -268 81 -358 -482 -315 -283 478 -356 -276 -262 -229 -321 -349 -49 -151 -240 -83 -236 281 
75
333 -459 -316 496 -14 -48 136 -407 -398 -429 -486 -119 -46 -437 185 229 382 -31 -259 -496 485 -441 285 -374 -175 -253 31 -363 2 383 -21 -329 114 -295 -174 469 -32 -420 19 -269 91 -351 -144 -471 388 94 493 -278 -175 -249 157 464 -465 -317 50 286 -157 219 448 171 119 -426 -42 -18 141 -434 -83 79 -490 -48 246 -291 396 2 -274 
12
-440 324 0 -389 -109 -380 244 -110 224 -489 -370 -176 
43
-29 -471 375 413 88 358 -313 -116 228 426 436 474 142 -488 -116 -104 -117 -188 96 235 363 -387 -172 -154 165 -377 -369 189 319 329 258 388 -360 -44 274 50 -397 -148 -457 -64 295 -139 -136 
28
-111 -12 -274 155 111 376 -466 455 -9 449 10 -122 332 225 285 353 -425 -83 -487 246 -40 -431 110 223 263 261 215 -454 
25
106 -34 14 395 -217 294 -403 -465 -218 405 87 388 90 320 -436 308 349 194 -397 -51 -363 104 -122 430 260 
52
409 342 -331 216 357 -465 349 -172 221 -210 216 -448 -168 -428 -293 70 -307 459 330 359 -393 -362 -131 -80 178 -229 -118 389 325 114 -247 40 316 52 312 -89 -73 -260 -117 281 48 -390 341 319 331 198 196 376 -81 245 -98 48 
68
-364 -30 302 -464 42 -162 -362 -456 -361 145 90 -268 60 -48 309 -322 206 -424 375 0 -417 417 -477 484 -310 -401 182 170 -487 -458 -44 -86 445 205 394 169 219 -160 -289 95 -68 313 -8 -323 -297 -498 -466 482 89 138 172 341 -366 383 477 71 -375 112 -438 -396 169 134 498 -139 237 -302 0 111 
56
-40 -424 -19 483 30 461 -280 -282 141 296 -195 114 378 -255 91 -174 179 76 59 -125 296 -394 410 312 90 470 -203 -246 419 -64 -102 202 -262 115 336 -188 -414 427 -74 -168 458 212 302 301 417 -141 -177 210 -316 -140 -254 -121 491 149 323 237 
29
-482 -299 -436 -96 -295 349 -214 397 -473 -320 276 435 365 176 381 45 486 14 -295 480 80 -395 445 254 -250 -385 -97 -327 -22 
37
-358 -333 -66 150 2 66 -118 306 104 -111 -341 459 256 -193 -298 -422 -48 170 -33 110 474 101 401 -209 181 -85 251 68 -285 393 423 -53 -316 90 -406 171 -31 
54
199 -364 476 381 206 239 -297 -223 347 -203 -256 -162 88 -322 -476 450 -381 -241 469 -34 -16 -367 446 -494 -233 453 -341 11 283 178 -72 -195 462 495 -55 -496 -24 -492 130 48 484 -484 -323 263 -73 465 -397 472 488 -91 -446 379 -258 -34 
12
245 -431 -79 -413 -386 -159 -19 -93 -397 -104 262 -303 
47
427 -382 347 106 -217 -349 342 -405 -323 -397 -247 485 -233 -70 88 332 112 -361 -455 409 -393 -60 153 288 -451 -224 -34 458 273 139 110 -104 -140 -369 -271 -459 130 462 -479 -272 382 355 317 -355 441 -261 177 
19
-413 148 -336 -361 405 -146 446 159 -257 -319 465 -322 -423 83 -242 -268 433 -56 421 
7
-48 173 401 492 198 -101 200 
2
-234 335 
20
-59 43 113 140 -112 -30 -438 14 30 -334 -324 -144 -320 282 341 -118 277 207 136 -343 
57
366 298 363 191 192 340 -392 -98 -48 -55 -211 -481 -327 -455 -406 -261 -415 456 71 440 150 -75 361 188 395 -350 -347 -273 305 -86 -289 176 499 -100 455 336 488 -364 310 -24 489 350 -345 15 -154 -154 476 -178 225 479 29 136 404 246 30 294 -384 
9
-354 224 283 170 -320 325 491 -461 186 
54
382 407 -159 154 80 -177 -500 -94 253 -133 270 -130 -336 333 -36 -194 282 54 -317 -129 -342 -176 423 -152 21 -346 -303 384 -302 -204 466 303 492 -76 364 -273 443 191 -176 -328 -40 55 -244 456 371 480 -380 -125 -41 217 232 -309 -21 -190 
25
419 -487 -225 195 185 228 -460 135 445 79 116 275 151 -223 38 56 -58 417 43 283 -9 89 197 201 -26 
16
-278 -114 -164 -481 -376 -467 -305 -337 -138 432 191 -68 -337 -33 201 -481 
46
-195 133 31 -29 28 -129 188 60 -243 -69 -486 -275 311 412 367 220 -109 -41 -33 120 -410 441 430 -370 -299 175 408 -184 193 116 307 191 -257 -459 369 151 298 296 -314 48 123 -369 -116 125 16 -238 
44
480 56 -180 -242 -296 84 -439 -56 -73 -139 279 -261 201 184 -265 45 147 181 -239 232 -299 -175 -6 -296 -454 -113 -243 -346 477 256 278 29 -277 16 -246 -454 277 439 235 -339 -486 333 425 -245 
24
-495 17 457 456 -230 340 279 -438 235 -258 -320 17 119 16 499 357 487 153 -449 35 -88 -68 -209 -180 
32
311 -56 283 -431 168 -234 -53 -347 185 -359 -473 200 340 183 -301 -388 263 108 -429 452 282 -369 -108 -492 -155 -224 -112 -492 -368 -154 -249 87 
50
5 -428 -410 374 -168 -437 320 141 288 -103 -282 193 -169 -167 -289 216 390 -282 24 206 485 235 -417 228 211 411 -458 176 400 97 -116 -30 -93 320 241 11 -241 -400 334 -9 -11 289 -122 435 391 -25 -51 267 42 351 
58
279 -26 -237 432 175 -256 -348 -361 -484 -434 114 -449 86 357 380 136 -112 101 -361 251 -155 192 77 319 382 -21 -108 470 -245 -301 23 431 363 499 205 177 -30 381 52 -335 -344 -1 84 170 -330 -88 -265 455 124 -108 228 26 226 192 -500 189 246 -6 
34
25 -243 -158 -60 -113 -374 260 250 -394 -363 235 176 312 -302 -430 -429 -250 -333 -489 -183 205 -62 -82 -7 -189 -347 -71 -284 198 287 -218 -228 356 29 
56
-36 -172 344 -380 140 -293 -67 -193 -491 103 -415 -365 -95 -32 172 -326 -346 162 394 178 -472 426 65 -71 273 149 -132 235 -350 -131 325 -320 -445 473 -167 487 -388 -341 30 180 -72 62 365 -176 -304 434 -194 100 194 -70 124 -50 -21 -383 -340 -375 
38
-385 190 -70 402 375 77 444 -116 -455 312 -493 485 46 364 344 -37 310 -137 -278 317 -50 -129 -461 -225 -322 -395 260 -224 -404 318 39 147 468 -235 253 -357 408 455 
19
251 393 -224 290 275 -356 -483 -388 -463 -473 -194 -73 427 -11 -391 -347 -344 343 150 
22
111 445 386 305 307 -331 474 10 -188 -362 -432 19 80 336 328 -288 -153 -101 79 473 -36 -98 
37
-485 -27 -50 0 219 224 -312 -88 150 199 -30 158 202 26 -310 -497 289 -164 200 1 -412 -284 319 436 139 -236 452 -161 467 -261 -21 212 -157 -134 434 495 -403 
55
310 -117 -278 9 381 -74 360 70 355 151 184 198 -377 -458 416 -107 -209 -385 -318 -64 -393 -203 45 -42 71 261 -44 -372 -300 219 -205 -39 39 364 -243 69 -389 -340 -479 -79 -4 -453 -254 -394 -95 187 166 269 294 219 -331 238 -131 424 -224 
23
-415 -130 438 219 418 303 197 -86 332 291 222 -76 468 -463 -452 389 35 136 303 -410 441 -333 152 
7
137 -296 443 96 406 131 -190 
12
167 -38 -172 -326 240 289 -490 -415 413 379 94 -385 
29
-265 -58 -264 196 463 -133 171 -180 130 268 127 -275 370 88 -41 53 -461 -56 -252 351 -29 -324 -473 -41 -18 350 -101 71 -289 
43
473 54 -155 263 87 234 178 -473 -345 -169 -17 -416 -127 231 -181 442 301 371 268 354 -303 -355 -296 280 129 -436 -397 181 -149 128 212 70 112 -153 457 -228 484 470 242 -209 -359 398 52 
67
345 -346 -235 291 351 -209 350 -201 183 180 -461 421 -209 -291 -155 -416 -118 -236 378 -457 172 390 -161 262 -378 -215 189 446 218 -360 159 -32 414 297 492 -33 -107 -262 -446 424 -297 -144 -38 361 382 -21 399 -216 -175 398 -454 432 -214 -63 -1 222 331 363 -78 -241 499 138 72 -46 -391 -245 -350 
32
205 -495 -141 481 -328 -392 29 -362 -211 156 103 63 -94 -457 -373 -345 375 -117 146 -62 86 -53 -80 -252 413 -125 498 -77 115 192 -58 -61 
47
-151 -291 -394 -365 -274 373 483 190 -314 66 403 1 275 -99 354 -89 -185 436 -135 289 -417 498 -90 120 -238 147 -483 -495 68 168 -163 149 189 497 -449 -418 -463 464 -338 -481 214 70 -421 383 439 -307 206 
72
253 -244 49 199 349 282 493 67 -355 406 -297 -254 142 -31 441 -19 409 -185 -84 -163 136 144 165 471 -217 -366 13 -27 -293 -305 -154 186 -353 -58 -89 -3 414 269 -249 -278 34 397 355 -279 1 -439 286 -24 -209 265 -321 -91 -25 298 -12 25 -364 -44 -498 91 318 177 -345 457 380 295 -12 -479 -281 26 -367 -421 
43
185 -70 442 2 265 126 -207 288 -146 -328 -38 275 -351 86 452 209 233 -304 -30 277 -287 291 -322 -238 62 -67 -3 33 -36 156 153 410 42 271 -425 -405 -27 -272 -156 308 330 -365 20 
65
-444 -50 -224 75 75 -110 -293 -53 -218 363 204 -225 490 -486 41 -314 64 494 -489 72 241 -407 -294 -1 155 -188 99 193 -357 -110 -443 231 -107 28 49 -203 359 432 -415 -68 373 228 86 -143 -499 -124 -73 -484 150 -371 422 -349 202 -32 20 261 383 374 281 -313 -43 -121 -88 -383 164 
19
-392 -454 -363 375 12 193 111 257 459 320 229 18 318 -19 147 500 263 -421 -389 
28
412 -11 69 156 403 464 -99 156 337 -278 -285 406 21 -252 -329 -437 314 -10 -70 37 -51 465 -197 315 -202 -222 -445 49 
53
-48 99 -12 375 301 198 119 -292 -76 314 -82 -49 261 -61 70 199 -299 -307 -250 -320 353 133 433 471 261 -231 260 340 229 451 -28 -340 -202 233 -391 324 -67 331 -27 254 338 -24 216 320 -429 -143 -263 20 -102 -331 -460 -251 136 
54
261 -36 -188 408 458 -221 -106 -254 448 -236 -396 -415 -234 63 126 398 437 123 439 403 -52 -130 25 -196 59 -351 293 -284 -85 492 27 -287 350 124 215 206 -370 -334 427 196 -131 367 -267 142 -162 316 216 -365 184 156 154 -418 -342 -49 
43
-46 -34 -463 -288 482 -292 -144 215 -167 278 200 -301 -141 -387 147 -486 -79 172 167 -465 -115 110 -67 42 124 429 216 284 -84 5 301 -453 53 341 -102 -293 22 398 123 -18 -444 -163 -332 
13
-204 -111 20 -63 -176 246 151 497 9 -13 420 -466 -221 
42
188 -381 -459 496 -218 383 216 345 -37 496 135 45 493 -89 117 365 -176 291 -139 257 275 -21 176 -8 330 37 117 -279 408 -74 -379 363 246 87 330 -246 -290 364 -395 -117 -481 227 
58
95 87 -384 -472 -382 -278 312 164 429 -244 -247 -179 -207 472 300 -393 -56 -23 11 -282 -107 323 339 97 50 -6 -379 15 -183 -419 -20 -240 -368 -112 -458 440 -99 171 447 -41 -38 -297 -63 -290 -218 -369 302 -235 404 71 351 -232 342 374 -100 337 233 -271 
43
19 284 -18 237 -104 -199 62 165 70 259 272 -418 36 271 -463 -496 100 -165 359 -482 -127 -38 287 -397 -485 -135 -360 285 71 68 401 -170 90 -98 -219 470 -147 183 -363 56 483 -306 410 
50
-408 409 72 -271 354 49 21 358 157 332 -124 -277 73 103 390 -121 205 -363 356 -407 481 -227 -142 20 -11 415 91 291 311 219 465 386 -434 280 248 185 -326 61 479 -106 -157 399 219 -300 -137 -295 380 -204 -88 403 
66
-272 -453 13 319 431 75 42 233 -230 31 -143 -130 219 -430 170 -343 6 -428 -68 -122 131 307 -161 -388 85 -323 13 188 -452 -430 472 -44 181 16 -49 88 434 148 463 322 228 -45 -411 -448 -295 219 -256 -185 -108 -73 -206 392 272 -77 241 12 -5 87 437 -382 -155 -500 -199 -164 404 392 
31
-417 -303 -78 189 6 164 238 -67 -276 125 68 -15 363 -158 195 -63 -53 181 -461 -166 497 -155 -439 75 295 63 230 199 263 410 -187 
37
-491 24 -417 -155 62 376 -395 -167 -112 -315 -119 -476 -406 152 139 459 -238 -342 -320 -359 67 -388 352 -491 333 36 -243 -150 -140 44 465 74 -405 207 -210 438 184 
64
-111 302 38 57 -107 -366 199 417 422 -62 -188 168 -393 123 -152 44 -397 127 135 476 -182 324 -359 184 164 130 327 177 -125 89 459 234 229 -223 -278 -426 -455 176 -221 -205 -45 -92 -377 -366 -479 -412 -113 -491 247 476 -136 77 -440 299 277 269 36 487 -257 59 175 33 -374 296 
27
238 247 240 487 -144 70 11 82 178 217 -350 98 -329 356 -381 -424 171 -31 -323 -132 308 91 -227 -481 -40 112 -89 
23
-379 -180 201 429 -118 204 -14 -164 295 -277 349 -343 303 167 473 484 440 345 -190 466 255 -77 -429 
66
-3 -467 265 -318 319 -217 455 473 56 -439 -435 30 388 -320 208 -344 -306 253 -401 -359 58 276 290 -236 20 338 83 358 -427 221 457 280 -344 -25 80 -94 -394 336 -390 -89 179 294 -225 174 -289 53 435 482 -95 -381 -90 99 -34 427 -248 237 -289 472 474 -196 -336 117 227 -284 164 179 
68
409 353 370 -37 445 218 -415 -220 -276 27 246 -343 -421 -377 -350 463 -69 -178 469 -355 -69 -394 -254 109 -73 73 152 -295 -414 303 29 378 247 -170 39 30 445 452 -76 92 64 256 418 -201 -367 -336 -442 -263 87 116 332 481 -181 498 -125 -379 -44 360 156 -88 -131 180 130 84 320 268 257 -213 
27
-399 -75 258 -263 -200 274 -82 63 -47 8 -221 148 -391 -91 -358 348 -499 -98 -264 428 37 187 -260 -313 -455 148 -434 
41
-301 -42 349 -382 -295 122 -350 70 78 284 63 -244 65 262 -70 6 283 177 -497 167 -420 322 479 248 -106 384 71 169 265 -64 449 422 -153 101 25 95 449 176 -55 -247 -15 
52
421 -453 -108 498 361 390 -341 76 -426 -130 -124 491 -95 368 203 -149 188 115 52 -467 -81 -354 445 -336 56 378 100 -334 114 -208 -97 -466 372 -261 -500 -446 -253 -130 -315 364 -439 52 318 -51 -362 372 -284 -491 307 67 268 309 
