0 _
0 }
0 >
1 4735
0 >
0 ]
0 o
0 e
1 1193
0 h
1 836
1 2881
0 h
1 472
0 F
1 3407
2 203.333
1 3966
2 9.464
2 20.000
2 38.750
0 R
0 a
0 c
2 460.000
1 542
2 17.143
0 P
1 570
2 4.524
2 12.121
1 1160
2 90.000
0 =
1 607
0 L
0 r
1 1240
2 35.769
2 10.213
2 4.156
1 2332
0 _
2 9.615
0 u
1 3373
0 N
1 368
1 1225
0 k
1 2865
2 8.105
0 i
2 5.495
1 3319
0 Q
0 q
1 2473
2 4.000
0 H
1 1845
2 14.545
1 4715
2 0.385
0 T
1 3286
2 6.941
1 1678
2 16.364
1 1043
0 c
1 3417
2 13.750
2 32.000
2 12.593
0 z
2 2.045
1 3280
1 2018
1 1657
1 1963
1 1242
0 A
2 2.174
0 r
0 R
0 ~
0 G
0 W
1 1259
0 p
1 112
2 10.886
1 1794
0 X
2 34.615
2 46.667
0 T
2 4.500
2 2.703
2 5.729
2 8.649
2 11.692
0 A
0 F
2 9.063
1 3951
1 4802
0 l
0 ;
0 P
2 11.754
2 4.835
2 500.000
2 45.000
2 15.405
1 4384
1 1696
2 17.333
1 1003
1 2338
1 4860
1 2259
2 3.111
1 4594
1 4912
1 2385
2 13.778
1 1207
2 123.333
2 25.000
1 3018
2 15.085
2 55.455
1 4834
2 11.017
0 <
0 :
2 0.714
0 D
0 Q
1 835
2 28.095
0 c
2 2.055
1 439
2 3.947
1 1929
1 3305
2 28.750
2 5.882
0 k
2 0.806
1 1315
0 R
0 |
1 4280
0 N
0 [
2 15.000
0 t
2 16.552
2 7.500
2 6.354
0 [
0 t
0 I
1 2697
1 4285
2 11.698
2 20.526
0 M
0 H
2 6.212
0 F
2 9.111
0 g
1 1305
0 b
2 9.048
2 8.261
2 8.387
0 C
1 4474
2 57.647
0 Q
1 3179
0 X
2 10.909
0 N
0 @
1 2454
0 Y
1 1790
0 o
1 4330
2 11.282
0 O
2 15.370
0 k
1 1630
2 186.000
0 V
1 1642
1 5
1 785
0 E
2 7.963
2 14.000
0 C
1 3731
0 A
1 4756
2 1.884
1 1959
1 3271
2 265.000
0 P
2 4.667
1 1164
0 U
2 10.120
0 `
1 2476
0 i
1 1140
0 Q
2 7.391
2 12.222
0 S
0 y
2 65.556
1 1825
2 4.066
0 E
1 357
2 58.824
0 >
0 M
1 3345
2 2.165
1 557
2 26.667
0 b
2 27.391
2 40.000
1 4638
0 Q
2 6.154
1 2894
1 178
2 7.097
2 37.391
2 8.444
1 4371
2 5.366
0 f
0 R
1 2465
1 490
1 2042
1 2886
2 10.395
1 4325
0 o
0 H
0 N
2 21.351
2 198.000
2 13.971
2 10.588
1 727
2 31.667
1 1014
0 :
1 3326
1 1519
2 3.810
2 47.143
2 111.429
1 905
0 G
2 8.780
2 12.000
1 958
1 825
0 n
2 1.600
0 _
2 20.250
0 S
0 @
0 M
0 W
1 916
2 13.472
0 A
1 4151
1 1090
1 4836
1 840
0 F
2 20.000
1 2835
0 u
0 l
0 S
2 9.767
0 p
2 1.429
0 }
2 128.333
0 [
1 3356
2 40.417
0 t
0 g
2 20.294
1 2893
0 g
2 26.000
2 4.898
1 2276
1 3270
0 f
1 969
2 10.294
2 12.203
2 18.966
0 Y
0 E
2 23.226
2 112.500
1 1843
2 6.667
0 Q
2 1.111
2 55.833
0 <
1 1390
1 2538
2 88.000
2 23.333
0 ;
0 b
0 K
2 17.925
0 q
2 7.386
1 1241
1 220
1 3224
2 7.907
0 c
1 2056
1 3766
0 y
0 X
1 3922
0 x
2 8.983
0 r
0 T
0 p
2 12.821
1 2005
2 13.175
2 28.276
2 3.973
2 14.000
2 7.105
1 996
1 835
1 3621
0 ?
1 3003
2 11.494
1 1536
2 1.758
2 0.286
0 h
1 4760
0 C
2 4.767
0 y
0 :
1 436
2 14.127
2 15.745
2 9.231
2 12.424
1 3814
2 21.818
0 o
1 227
1 4436
0 x
1 4293
0 ;
2 3.333
2 46.000
1 4872
2 2.105
2 14.091
1 1229
2 125.000
0 }
2 1.034
1 2418
1 2486
2 12.931
1 1318
2 3.902
1 3888
2 0.116
1 971
2 3.226
2 75.000
2 36.667
1 1284
1 1856
2 10.541
2 7.727
2 15.217
1 2649
1 4503
0 c
0 B
2 23.158
2 0.222
2 50.000
2 34.444
0 e
0 W
0 G
0 c
0 K
0 c
1 1904
2 15.510
0 L
1 1322
0 <
0 v
1 220
0 h
0 s
2 15.000
2 2.195
0 V
1 279
1 1614
0 _
0 n
2 11.852
0 A
2 3.500
1 4619
2 10.278
1 1621
1 1309
2 1.020
2 20.000
1 2924
2 29.500
2 0.130
2 5.393
0 >
2 3.696
2 6.129
0 {
1 2000
1 1459
0 ^
1 394
1 577
2 13.472
2 9.189
0 @
1 4472
0 F
1 529
0 g
1 3632
2 1.733
1 1887
0 ?
2 38.696
2 18.636
0 _
0 z
2 2.308
2 20.857
1 289
0 i
1 2633
1 3526
0 {
0 G
2 8.036
2 11.014
0 _
1 2686
2 6.538
1 2876
0 W
0 >
2 580.000
1 4781
1 754
0 C
0 =
1 782
1 3511
1 113
0 V
0 A
2 5.000
0 y
1 1858
2 17.500
1 258
2 5.978
0 g
0 ;
2 6.526
1 3190
1 1834
1 1657
2 10.130
2 6.265
2 78.182
2 6.000
1 3787
2 16.750
1 2391
1 3055
0 _
1 619
2 122.000
0 h
0 J
1 3042
2 17.895
2 4.333
1 4332
1 924
1 4949
2 7.333
1 1203
2 5.909
0 F
1 4555
2 9.545
2 2.317
2 6.250
2 12.048
0 C
0 h
1 1863
2 7.653
0 s
0 Y
0 H
2 0.952
0 J
2 10.612
1 4908
1 1943
1 2227
1 2663
2 5.056
0 w
2 9.250
1 233
0 a
2 17.143
2 92.500
2 0.833
0 a
2 237.500
0 ]
2 4.457
2 8.370
2 22.750
2 7.170
1 3447
2 3.690
2 12.576
0 P
0 u
2 11.071
0 ~
0 m
2 7.792
2 7.531
0 g
0 \
1 3859
0 e
1 2103
1 2577
0 l
2 15.469
2 1.000
2 4.944
0 <
0 m
1 4289
0 >
1 4808
2 9.390
1 1531
2 16.667
1 2629
0 C
1 1227
2 3.750
1 2207
1 190
0 p
2 5.926
1 2491
1 3249
1 3929
0 i
1 300
2 152.500
1 3570
1 2749
0 l
1 845
0 W
2 11.746
1 1441
0 <
0 C
0 D
0 j
0 ;
2 1.538
0 N
2 75.000
0 k
2 9.216
2 48.750
0 U
0 N
1 1150
1 1811
2 10.571
0 a
0 T
2 6.500
2 4.286
2 2.326
0 e
1 2262
1 3995
0 L
0 c
1 1636
2 10.000
1 3107
0 ?
1 3803
1 554
0 ;
1 2529
1 1594
1 4560
1 3071
1 310
1 3970
2 9.310
1 2654
0 v
0 D
1 1346
0 =
0 G
0 `
1 2448
0 V
0 L
1 2524
1 2462
2 6.076
1 770
1 859
0 r
1 3075
2 22.703
2 7.500
0 t
0 ~
1 842
1 1723
0 y
1 40
2 5.161
0 N
2 27.143
0 H
1 2907
0 h
2 3.814
1 1301
1 4264
1 2724
0 m
2 12.239
2 9.740
2 23.514
0 o
2 16.071
1 4629
2 920.000
0 G
0 y
2 25.185
0 F
1 4857
0 @
2 3.953
2 9.091
0 l
2 16.792
1 2060
2 19.091
1 1018
0 {
0 j
2 1.618
1 3395
0 K
1 514
2 12.174
0 >
0 P
1 741
0 e
1 4596
0 s
1 1397
1 4329
1 428
2 3.918
1 1682
0 P
1 289
2 39.167
2 11.304
1 411
2 12.361
2 12.222
1 1421
2 30.357
1 2220
1 2443
1 1165
2 30.000
1 2500
0 }
1 1524
0 M
2 6.701
2 7.500
0 T
2 47.500
2 0.465
1 3649
0 n
2 14.688
1 3041
0 L
0 j
1 4996
2 12.464
2 6.167
2 133.333
1 2113
0 A
2 3.833
2 10.506
1 3712
0 R
1 2046
2 40.952
2 233.333
2 2.759
2 5.455
1 1740
1 1722
0 e
1 1583
2 8.462
2 6.170
0 P
1 852
0 :
0 s
0 r
1 4287
2 9.474
1 4593
1 230
0 y
0 v
0 R
2 21.563
1 2770
2 14.375
2 9.880
2 2.258
2 37.000
0 z
1 1533
1 681
1 725
0 D
0 R
0 =
1 2194
1 582
0 I
1 3169
1 1136
2 15.636
1 2330
2 13.636
1 2019
0 O
1 1572
2 1.389
2 70.000
1 3097
2 158.000
0 w
2 87.143
1 4416
2 10.968
1 2750
2 8.400
0 L
1 1993
2 28.125
2 10.421
1 2269
2 6.000
0 R
1 2063
1 1818
1 1148
0 z
2 55.556
2 130.000
0 N
0 <
0 k
1 2239
0 {
2 34.667
1 4561
1 1950
1 2101
0 M
1 1526
1 1757
0 w
2 124.286
0 Q
1 3807
0 c
2 15.714
0 P
2 0.108
0 :
2 19.655
0 q
0 J
2 126.667
2 21.163
1 2471
1 4593
0 F
0 H
2 13.333
2 13.913
2 2.308
2 21.395
0 D
2 5.067
2 0.500
0 ?
0 o
0 u
0 u
1 2099
2 10.130
0 ;
2 11.935
0 b
1 4529
1 4523
1 1453
1 2112
1 4238
2 15.000
0 i
0 I
1 1725
1 2434
1 4117
1 1344
0 U
1 2770
1 3708
1 3278
2 9.300
0 g
0 Q
1 4179
1 2489
1 2908
1 3638
1 4715
0 K
1 2695
1 4817
2 38.125
0 a
2 15.000
2 8.333
2 0.455
1 1729
2 12.687
2 13.256
0 L
0 \
1 2810
2 5.926
2 11.370
2 10.000
0 e
0 B
1 3785
0 E
2 6.701
0 b
2 10.114
0 w
0 l
1 1185
2 13.333
2 2.680
0 ~
2 12.778
2 9.773
1 1247
0 A
0 F
1 2758
0 X
1 3133
1 381
1 4392
2 11.321
2 11.528
0 r
2 10.441
1 221
2 9.556
0 T
2 14.194
1 3619
0 j
2 0.676
1 406
1 2096
1 2980
1 4818
2 3.205
2 0.247
0 j
1 1093
2 12.000
0 ]
2 27.667
2 0.476
0 `
0 M
1 1414
1 3602
1 2788
1 4259
2 7.600
1 623
0 Y
1 3935
