3
512
93
603
519
803
529
818
750
550
572
11
278
244
291
151
460
605
150
383
67
316
696
445
912
648
813
445
239
777
28
394
404
853
842
748
570
212
777
357
140
377
874
871
851
665
369
610
469
831
870
926
178
566
965
498
230
271
777
158
740
957
192
694
588
62
298
451
516
426
145
944
979
862
155
529
858
126
711
726
150
908
53
461
987
709
186
403
491
777
952
466
382
558
981
270
489
681
228
407
270
305
250
915
64
635
735
208
617
666
395
669
999
339
778
944
820
369
489
955
100
753
176
255
895
180
386
751
419
981
25
39
570
632
541
731
406
443
766
862
874
252
924
928
942
556
551
860
229
492
236
283
686
512
909
542
39
953
21
494
313
155
107
890
581
519
489
180
849
961
23
566
399
975
825
524
325
916
304
615
589
151
409
31
304
91
839
65
194
131
726
177
529
522
319
632
291
997
390
770
861
191
704
724
985
52
851
595
522
500
591
743
301
741
618
772
632
652
677
887
567
291
167
805
55
925
527
659
112
431
365
140
532
257
234
461
854
222
380
13
130
716
394
701
391
187
96
9
774
685
962
2
991
537
234
509
899
935
624
894
84
300
561
649
379
210
463
229
50
750
213
767
770
94
517
474
311
533
302
562
861
801
653
918
524
97
40
743
899
246
931
980
70
217
948
982
143
24
65
605
640
830
778
974
294
490
792
367
335
154
321
981
45
738
141
280
448
324
327
286
314
274
189
690
158
715
924
556
990
599
938
91
124
175
928
680
571
487
75
415
167
145
60
540
905
559
633
247
269
896
860
46
629
766
566
117
463
56
310
301
914
963
609
713
216
27
141
51
302
391
644
377
529
130
652
837
846
852
768
312
920
219
29
649
555
589
456
83
522
220
950
880
930
64
226
224
865
151
519
177
8
232
808
135
974
852
858
995
298
528
409
487
360
219
447
253
428
738
476
334
498
521
519
480
680
176
363
300
439
639
589
877
636
568
297
695
480
988
862
65
313
227
243
114
367
948
556
136
406
331
271
938
182
991
710
611
630
900
220
342
532
506
304
295
561
480
465
592
245
533
672
18
371
110
380
854
352
389
22
103
77
13
108
94
984
990
446
311
873
964
421
79
566
93
242
695
380
974
93
285
