3
93
603
519
750
291
150
696
912
648
813
777
570
777
357
369
831
870
498
777
957
192
588
516
426
858
126
711
726
150
987
186
777
558
981
270
489
681
228
270
915
735
666
669
999
339
369
489
753
255
180
981
39
570
252
924
942
492
909
39
21
519
489
180
849
399
975
825
615
726
177
522
291
390
861
522
591
741
618
567
291
234
222
96
9
774
537
234
624
894
84
300
561
210
750
213
474
861
801
918
246
948
24
294
792
321
981
45
738
141
324
327
189
690
924
990
75
60
540
633
117
963
609
216
27
141
51
837
846
852
768
312
219
555
456
522
930
519
177
135
852
858
528
360
219
447
738
498
519
480
363
300
639
636
297
480
243
114
948
630
900
342
561
480
465
672
18
108
984
990
873
93
93
285
